{
    "colsample_bytree": 0.42076800037759177,
    "dropout": 6.204812661650543e-08,
    "gamma": 2.938233476961479e-06,
    "learning_rate": 0.010985733789871591,
    "lr_decay": 0.40091070158665293,
    "max_depth": 4,
    "min_child_weight": 1.0180118861684009e-05,
    "n_estimators": 1150,
    "reg_alpha": 0.013105590275451674,
    "reg_lambda": 0.057681402339921806,
    "scale_pos_weight": 0.9187425668708892,
    "subsample": 0.49071455414629184
}